10 4932 17 1260 -90
1 226 125 34 0
1 2812 125 5796 -90
1 2804 125 5390 -90
1 2821 125 4990 -90
1 2821 125 4583 -90
1 2821 125 4183 -90
1 2821 125 3791 -90
1 2821 125 3406 -90
1 2821 125 3005 -90
1 2988 125 2816 0
1 3372 125 2812 0
1 3774 125 2800 0
1 4163 125 2781 0
1 4556 125 2776 0
1 5713 125 5974 0
1 5318 125 5969 0
1 4924 125 5972 0
1 4513 125 5967 0
1 4105 125 5962 0
1 3692 125 5964 0
1 2595 125 5964 0
1 1016 125 5963 0
1 615 125 5958 0
1 275 125 5954 0
1 50 125 5801 90
1 50 125 5409 90
1 50 125 5018 90
1 43 125 4640 90
1 43 125 4241 90
1 43 125 3848 90
1 43 125 3447 90
1 35 125 3427 90
1 35 125 3427 90
1 35 125 3427 90
1 35 125 3427 90
1 35 125 3427 90
1 35 125 3427 90
1 35 125 3046 90
1 35 125 2661 90
1 35 125 2283 90
1 35 125 1885 90
1 35 125 1494 90
1 35 125 1102 90
1 35 125 718 90
1 35 125 326 90
1 28 125 178 90
1 585 125 36 -179
1 932 125 45 -179
1 1264 125 42 -179
1 2634 125 28 -179
1 2965 125 26 -179
1 3312 125 23 -179
1 3620 125 24 -179
1 3967 125 36 -179
1 4336 125 39 -179
1 4680 125 44 -179
1 5076 125 46 -179
1 5441 125 37 -179
1 5771 125 15 -179
1 5929 125 223 -90
1 5933 125 607 -90
1 5941 125 981 -90
1 5948 125 1383 -90
1 5948 125 1785 -90
1 5956 125 2180 -90
1 5964 125 2576 -90
1 5956 125 2987 -90
1 5948 125 3389 -90
1 5948 125 3791 -90
1 5941 125 4190 -90
1 5941 125 4586 -90
1 5933 125 4951 -90
1 5926 125 5327 -90
1 5926 125 5715 -90
1 5926 125 5798 -90
1 1302 125 5969 0
4 2006 8 589 -90
4 1967 8 2254 -90
4 1967 8 3764 -90
4 1983 8 5346 -90
5 2998 0 3010 0
5 3223 0 3013 0
5 3448 0 3002 0
5 3684 0 3000 0
5 4010 0 2990 0
8 3788 0 1466 0
8 3798 0 1988 0
8 3798 0 2493 0
1 4871 125 2779 0
1 5212 125 2792 0
1 5571 125 2783 0
1 5759 125 2784 0
1 554 125 266 90
1 551 125 670 90
1 551 125 1033 90
1 711 125 1195 -179
1 879 125 1004 -90
1 879 125 650 -90
1 1052 125 476 0
1 1425 125 278 89
1 1429 125 679 89
1 1429 125 1070 89
1 1201 125 706 89
1 1198 125 1092 89
1 560 125 1695 90
1 748 125 1530 -179
1 1056 125 1663 135
1 1227 125 1827 135
1 1353 125 2146 90
1 1188 125 2323 0
1 997 125 2496 -90
1 865 125 2813 -135
1 554 125 2939 179
1 214 125 2940 179
1 392 125 2236 179
1 560 125 2408 90
1 1085 125 3059 45
1 1425 125 1466 -90
1 1348 125 2792 -135
1 953 125 3374 90
1 953 125 3754 90
1 953 125 4140 90
1 813 125 4451 -135
1 209 125 3447 0
1 375 125 3626 89
1 1476 125 2851 -90
1 1476 125 3202 -90
1 1476 125 3591 -90
1 1470 125 3980 -90
1 1470 125 4358 -90
1 1347 125 4661 45
1 1113 125 4890 45
1 801 125 5014 179
1 515 125 4575 179
1 640 125 5184 -89
1 813 125 5355 0
3 1302 85 1294 -90
3 762 85 2501 89
3 741 85 176 -90
3 211 85 3666 90
3 1240 85 3108 -90
3 1361 85 5203 -90
3 2959 85 1353 -90
3 3287 85 2296 90
6 719 1 980 0
6 3828 1 1704 -90
7 854 0 5207 0
7 5784 0 2615 0
9 4284 1 521 0
9 4497 1 114 0
9 5301 1 113 0
9 5851 1 84 0
9 5916 1 2700 0
9 5894 1 2027 0
9 5879 1 835 0
9 5504 1 1351 0
9 5889 1 1420 0
9 4300 1 1155 0
12 326 88 282 0
12 306 88 544 0
12 318 88 457 0
12 318 88 368 0
12 285 88 692 0
12 322 88 564 0
12 461 88 4806 0
12 461 88 4806 0
12 467 88 4985 0
12 469 88 5051 0
12 467 88 5209 0
12 474 88 5294 0
12 485 88 5447 0
12 461 88 5132 0
12 449 88 4971 0
12 452 88 5628 0
12 577 88 5569 0
12 709 88 5560 0
12 806 88 5558 0
12 881 88 5568 0
12 920 88 5716 0
12 861 88 5729 0
12 768 88 5738 0
12 651 88 5783 0
12 580 88 5765 0
12 516 88 5798 0
12 492 88 5798 0
12 483 88 5671 0
12 883 88 5571 0
12 515 88 4778 0
12 502 88 4753 0
12 460 88 4927 0
12 464 88 5165 0
12 473 88 5526 0
12 499 88 5610 0
12 553 88 5648 0
12 662 88 5706 0
12 2564 88 5720 0
12 2564 88 5720 0
12 2568 88 5615 0
12 2568 88 5557 0
12 2559 88 5408 0
12 2573 88 5312 0
12 2568 88 5163 0
12 2595 88 5042 0
12 2598 88 4953 0
12 2591 88 4835 0
12 2584 88 4959 0
12 2582 88 5320 0
12 2580 88 5708 0
12 2548 88 5132 0
12 2562 88 4916 0
12 2577 88 4811 0
12 2584 88 3184 0
12 2589 88 3079 0
12 2591 88 3052 0
12 2602 88 2961 0
12 2616 88 2872 0
12 2622 88 2826 0
12 2627 88 2772 0
12 2634 88 2851 0
12 2625 88 2779 0
12 2625 88 2944 0
12 2600 88 3321 0
12 2598 88 3276 0
12 2602 88 3061 0
12 2753 88 2656 0
12 2732 88 2679 0
12 2670 88 2773 0
12 2766 88 2658 0
12 2847 88 2630 0
12 2559 88 226 0
12 2711 88 195 0
12 2754 88 192 0
12 2850 88 207 0
12 2732 88 176 0
12 2648 88 159 0
12 2631 88 182 0
12 2832 88 183 0
12 2879 88 206 0
12 2726 88 207 0
12 2650 88 229 0
12 4335 88 2547 0
12 4344 88 2389 0
12 4351 88 2194 0
12 4368 88 2097 0
12 4377 88 2039 0
12 4387 88 1984 0
12 4384 88 2322 0
12 4377 88 2496 0
12 4351 88 2624 0
12 4323 88 2141 0
12 4335 88 1984 0
12 4344 88 2145 0
12 4337 88 2429 0
12 4326 88 250 0
12 4479 88 235 0
12 4579 88 235 0
12 4752 88 220 0
12 4706 88 244 0
12 4616 88 235 0
12 4791 88 220 0
12 4965 88 203 0
12 4913 88 232 0
12 4856 88 221 0
12 5094 88 215 0
12 4994 88 212 0
12 4556 88 209 0
12 4321 88 219 0
12 4765 88 243 0
12 5144 88 220 0
12 4029 88 236 0
12 3933 88 232 0
12 3833 88 243 0
12 3745 88 253 0
12 3557 88 266 0
12 3448 88 266 0
12 3339 88 256 0
12 3207 88 252 0
12 3163 88 256 0
12 3101 88 268 0
12 3020 88 260 0
10 3775 17 3779 0
10 3741 17 5003 0
10 4832 17 4737 90
