1 38 125 5786 90
1 38 125 5392 90
1 38 125 4991 90
1 38 125 4589 90
1 38 125 4200 90
1 38 125 3799 90
1 38 125 3411 90
1 42 125 3009 90
1 38 125 2608 90
1 38 125 2205 90
1 38 125 1804 90
1 38 125 1416 90
1 38 125 1023 90
1 42 125 637 90
1 38 125 234 90
1 201 125 63 179
1 562 125 64 179
1 923 125 58 179
1 1274 125 54 179
1 1631 125 56 179
1 2027 125 55 179
1 2416 125 48 179
1 2815 125 47 179
1 3218 125 43 179
1 3595 125 48 179
1 3985 125 47 179
1 4387 125 44 179
1 4769 125 48 179
1 5163 125 49 179
1 5775 125 31 179
1 5448 125 32 179
1 5943 125 200 90
1 5948 125 588 90
1 5943 125 976 90
1 5948 125 1369 90
1 5943 125 1766 90
1 5943 125 2156 90
1 5948 125 2534 90
1 5948 125 2926 90
1 5948 125 3321 90
1 5948 125 3723 90
1 5943 125 4121 90
1 5938 125 4516 90
1 5933 125 5310 90
1 5933 125 5702 90
1 5766 125 5940 179
1 5372 125 5943 179
1 4994 125 5946 179
1 4601 125 5950 179
1 4214 125 5955 179
1 3811 125 5952 179
1 3416 125 5948 179
1 3015 125 5947 179
1 2622 125 5942 179
1 2220 125 5937 179
1 1829 125 5935 179
1 1431 125 5935 179
1 1046 125 5935 179
1 647 125 5935 179
1 237 125 5933 179
1 1026 125 5695 -90
1 1026 125 5291 89
1 1026 125 4888 89
1 1021 125 4500 89
1 1021 125 4111 89
1 1021 125 3713 89
1 1026 125 3333 89
1 1021 125 2940 89
1 1016 125 2542 89
1 255 125 952 -180
1 642 125 949 -180
1 1031 125 953 -180
1 1433 125 948 -180
1 1828 125 950 -180
1 2217 125 952 -180
1 2560 125 947 -180
1 2917 125 945 -180
1 3287 125 940 -180
1 1013 125 2185 -90
1 1017 125 1820 -90
1 274 125 4498 0
1 762 125 2965 0
1 1232 125 1664 0
1 2896 125 1935 0
1 2506 125 1942 0
1 3288 125 1932 0
1 2261 125 2106 90
1 2280 125 5014 90
1 2280 125 4624 90
1 2285 125 4228 90
1 2481 125 4060 0
1 2854 125 4062 0
1 3244 125 4063 0
1 2441 125 5242 0
1 2833 125 5238 0
1 3227 125 5231 0
1 3401 125 5010 90
1 3401 125 4624 90
1 3447 125 2162 -90
1 3447 125 2559 -90
1 3447 125 2912 -90
1 2261 125 2507 90
1 2256 125 2893 90
1 3277 125 3075 0
1 2891 125 3075 0
1 3631 125 938 0
1 4034 125 936 0
1 4431 125 945 0
1 4115 125 5743 90
1 4115 125 5343 90
1 4115 125 4967 90
1 4115 125 4567 90
1 4115 125 4175 90
1 4115 125 3783 90
1 4115 125 3391 90
1 4115 125 2991 90
1 4115 125 2624 90
1 4115 125 2240 90
1 4115 125 1840 90
1 4298 125 1683 -179
1 5341 125 2062 -179
1 4973 125 2068 -179
1 5503 125 2272 -90
1 5503 125 2670 -90
1 5503 125 3069 -90
1 5503 125 3441 -90
1 5503 125 3813 -90
1 5493 125 4194 -90
1 5493 125 4549 -90
1 5301 125 5103 0
1 4808 125 2680 89
1 4808 125 3042 89
1 4808 125 3437 89
1 4808 125 3790 89
1 4808 125 4169 89
1 4808 125 4505 89
1 4808 125 4850 89
1 4963 125 5099 179
3 2958 85 3798 0
3 4261 85 242 0
4 1401 8 2562 90
4 1439 8 4210 90
4 2982 8 655 -179
4 1252 8 696 -179
5 3228 0 2145 0
5 3288 0 2880 -179
5 3243 0 2518 0
5 5310 0 2282 0
5 4960 0 4886 -180
3 5743 85 811 -90
3 4395 85 3434 90
3 1927 85 1944 90
3 270 85 3730 -90
6 5148 1 3413 -44
7 3291 0 4597 90
7 155 0 761 90
6 131 1 525 0
8 3249 0 4981 90
8 3073 0 4982 90
8 2878 0 4969 90
8 2698 0 4976 90
8 2519 0 4979 -89
9 2420 1 4161 0
9 2420 1 4228 0
9 2420 1 4312 0
9 2420 1 4388 0
9 2516 1 4396 0
9 2516 1 4311 0
9 2525 1 4229 0
9 2531 1 4158 0
9 5421 1 2506 0
9 5429 1 2590 0
9 5344 1 2500 0
9 5351 1 2580 0
9 5260 1 2501 0
9 5260 1 2578 0
8 5382 0 2864 89
8 4960 0 4443 89
8 4960 0 3986 89
8 2394 0 2221 89
8 2920 0 2938 -180
7 2812 0 2389 0
8 1143 0 1948 89
9 128 1 156 0
9 133 1 224 0
9 192 1 184 0
8 751 0 5806 0
8 751 0 5632 0
8 315 0 5638 0
8 303 0 5829 0
5 1186 0 5711 0
5 2773 0 4273 0
