1 39 125 5782 90
1 39 125 4804 90
1 39 125 4405 90
1 39 125 4006 90
1 39 125 3619 90
1 39 125 3220 -90
1 42 125 2821 -90
1 42 125 2420 -90
1 39 125 2404 -90
1 42 125 2008 -90
1 42 125 1609 -90
1 39 125 1211 -90
1 39 125 810 -90
1 42 125 415 -90
1 45 125 197 -90
1 215 125 35 0
1 551 125 35 0
1 912 125 32 0
1 1265 125 30 0
1 1567 125 30 0
1 1899 125 25 0
1 2282 125 25 0
1 2635 125 23 0
1 3001 125 24 0
1 3309 125 20 0
1 3544 125 184 90
1 3542 125 582 90
1 3542 125 979 90
1 3539 125 1378 90
1 3542 125 1780 90
1 3544 125 2178 90
1 3544 125 2566 90
1 3542 125 2967 90
1 3544 125 3366 90
1 3550 125 3759 90
1 3552 125 4148 90
1 3552 125 4545 90
1 3579 125 5780 90
1 3399 125 5947 -179
1 3026 125 5951 -179
1 2632 125 5947 -179
1 2256 125 5944 -179
1 1878 125 5948 -179
1 1488 125 5950 -179
1 1098 125 5952 -179
1 711 125 5949 0
1 209 125 5947 0
1 442 125 5950 0
1 265 125 2925 0
1 652 125 2926 0
1 1030 125 2919 0
1 2934 125 2909 0
1 3302 125 2909 0
1 2538 125 2910 0
1 1260 125 2744 -90
1 264 125 890 0
1 612 125 890 0
1 1105 125 888 0
1 925 125 888 0
1 1036 125 1877 0
1 653 125 1877 0
1 277 125 1877 0
1 2574 125 891 0
1 2969 125 896 0
1 3373 125 893 0
1 2594 125 1900 0
1 2994 125 1894 0
1 3320 125 1895 0
1 1099 125 2922 -180
1 1120 125 1869 -180
1 1262 125 2443 -90
1 1290 125 1696 90
1 1287 125 1513 90
1 1297 125 722 90
1 1297 125 555 90
1 2418 125 185 90
1 2418 125 364 90
1 2400 125 1056 90
1 2400 125 1317 90
1 2381 125 2061 90
1 2385 125 2359 90
3 3798 85 4941 -179
3 3806 85 5134 -179
3 3817 85 5331 -179
3 3987 85 4952 -179
3 4003 85 5145 -179
3 4014 85 5348 -179
3 4181 85 4936 -179
3 4193 85 5148 -179
3 4189 85 5360 -179
3 4392 85 4934 -179
3 4412 85 5179 -179
3 4404 85 5364 -179
18 3338 0 150 0
18 3346 0 992 0
18 3333 0 1995 0
18 243 0 1773 0
18 237 0 2786 0
18 243 0 777 0
17 1227 -2 631 -90
17 1214 -2 1589 -90
17 1187 -2 2677 -90
17 3476 -2 2546 -90
17 3471 -2 1416 -90
17 3463 -2 592 -90
14 655 125 2060 0
14 903 125 1107 0
14 2590 125 714 -179
14 2746 125 1670 -179
14 2683 125 2704 0
13 866 79 235 0
16 1200 1 767 -179
16 1187 1 1734 -179
16 1168 1 2802 -179
16 3450 1 2810 -179
16 3445 1 1737 -179
16 3442 1 1648 -179
16 3445 1 1557 -179
16 3450 1 790 -179
7 292 0 224 0
7 288 0 456 0
6 274 1 1155 45
6 272 1 2301 -45
6 3102 1 2412 -45
6 3090 1 1390 90
6 3148 1 520 -135
20 788 1 4779 0
20 987 1 4776 0
20 1182 1 4776 0
20 1182 1 4651 -179
20 982 1 4646 -179
20 788 1 4646 -179
20 595 1 4646 -179
20 591 1 4776 0
21 557 101 4791 -179
21 753 101 4786 -179
21 962 101 4615 -179
21 1208 101 4654 0
19 3462 1 4452 90
19 3464 1 4268 90
19 3464 1 4082 90
19 3462 1 3896 90
19 1080 1 3002 -179
19 893 1 3007 -179
19 714 1 3008 -179
19 527 1 3000 -179
19 340 1 3002 -179
19 167 1 2997 -179
17 3094 -2 2979 0
17 3010 -2 2985 0
17 2928 -2 2985 0
17 2842 -2 2983 0
22 3481 -26 3502 -90
22 2891 -26 5904 -180
22 2524 -26 5908 -180
22 2137 -26 5904 -180
23 1167 101 4793 -179
23 585 101 4625 0
24 910 1 5879 -180
24 459 1 5882 179
24 1644 1 5900 179
6 110 1 3228 0
6 123 1 3609 0
6 102 1 3992 0
6 2953 1 3063 45
6 3431 1 4434 -90
6 3446 1 4106 90
6 577 1 745 90
6 865 1 745 179
6 1013 1 4794 -90
6 1173 1 4779 -90
6 783 1 4777 -90
6 619 1 4784 -90
6 142 1 3445 0
6 3404 1 5766 -45
6 101 1 5767 0
6 101 1 5767 0
6 101 1 5767 0
